11694483875.617907 19.047662 328255.749543 4152851.734897 42.708340 
11694483875.816739 18.777624 328255.641968 4152852.070381 42.695102 
11694483876.019362 18.339463 328255.485643 4152852.563252 42.681110 
11694483876.418260 17.945805 328255.345260 4152853.034974 42.672713 
11694483876.617402 17.623323 328255.232356 4152853.428443 42.668199 
11694483876.819660 17.384507 328255.146098 4152853.734362 42.666032 
11694483877.021825 17.176957 328255.076458 4152853.983985 42.665602 
11694483877.418407 16.970561 328255.010589 4152854.246683 42.671262 
11694483877.618745 16.823834 328254.963519 4152854.442822 42.676533 
11694483877.817713 16.715134 328254.931287 4152854.586762 42.682270 
11694483878.020419 16.652108 328254.912332 4152854.659295 42.681707 
11694483878.221130 16.605969 328254.902199 4152854.707455 42.681514 
11694483878.619311 16.568536 328254.892269 4152854.759137 42.682354 
11694483878.818556 16.537933 328254.884544 4152854.801141 42.683499 
11694483879.017815 16.501799 328254.874232 4152854.837688 42.684367 
11694483879.211561 16.478791 328254.863383 4152854.862480 42.687156 
11694483879.619127 16.460084 328254.851367 4152854.887503 42.690829 
11694483879.812610 16.444621 328254.842701 4152854.901974 42.694194 
11694483880.019428 16.446034 328254.841530 4152854.900622 42.695655 
11694483880.209700 16.446498 328254.839599 4152854.901761 42.696619 
11694483880.612356 16.445657 328254.837994 4152854.900640 42.696533 
11694483880.818814 16.445359 328254.835377 4152854.901445 42.697435 
11694483881.019476 16.442997 328254.833217 4152854.901906 42.698383 
11694483881.221112 16.443148 328254.832914 4152854.903446 42.696732 
11694483881.404880 16.445484 328254.832891 4152854.904784 42.695350 
11694483881.811192 16.446117 328254.832357 4152854.906369 42.693546 
11694483882.014935 16.444459 328254.830466 4152854.908423 42.693609 
11694483882.220649 16.440284 328254.830587 4152854.908931 42.692198 
11694483882.420835 16.441426 328254.833855 4152854.908507 42.688804 
11694483882.619934 16.443505 328254.836620 4152854.908199 42.685797 
11694483883.019060 16.446632 328254.837854 4152854.908876 42.683774 
11694483883.218060 16.444656 328254.837033 4152854.908577 42.683089 
11694483883.417403 16.444459 328254.836865 4152854.907043 42.681698 
11694483883.620972 16.444908 328254.836406 4152854.905649 42.680329 
11694483883.812718 16.445008 328254.835748 4152854.905354 42.679400 
11694483884.209762 16.442637 328254.834555 4152854.905706 42.679157 
11694483884.423661 16.439017 328254.834507 4152854.905073 42.678868 
11694483884.619314 16.436391 328254.834260 4152854.904612 42.678712 
11694483884.819419 16.435872 328254.833995 4152854.904789 42.678584 
11694483885.013968 16.436124 328254.833538 4152854.905611 42.678365 
11694483885.419537 16.437982 328254.833918 4152854.906373 42.677585 
11694483885.620315 16.414500 328254.828951 4152854.924686 42.673892 
11694483885.811363 16.356236 328254.810797 4152854.990899 42.673290 
11694483886.018050 16.290104 328254.789521 4152855.071763 42.673262 
11694483886.419422 16.185803 328254.761798 4152855.183768 42.667361 
11694483886.618531 16.050695 328254.724621 4152855.329702 42.661424 
11694483886.822519 15.873923 328254.673285 4152855.533730 42.657729 
11694483887.018235 15.709546 328254.624406 4152855.722751 42.656368 
11694483887.217803 15.542459 328254.577140 4152855.912058 42.652418 
11694483887.415985 15.379477 328254.529099 4152856.105695 42.648780 
11694483887.806693 15.141608 328254.463115 4152856.378566 42.642451 
11694483888.018157 14.946800 328254.407309 4152856.606717 42.638143 
11694483888.218863 14.732225 328254.351791 4152856.839886 42.634055 
11694483888.617865 14.380178 328254.288734 4152857.111819 42.628680 
11694483888.819307 14.061318 328254.237949 4152857.337488 42.624201 
11694483889.012484 13.768005 328254.191034 4152857.546103 42.620782 
11694483889.220313 13.488132 328254.150509 4152857.729822 42.620230 
11694483889.615996 13.158274 328254.108428 4152857.925343 42.619319 
11694483889.818059 12.855148 328254.072782 4152858.097574 42.618517 
11694483890.010469 12.580062 328254.040707 4152858.255482 42.616649 
11694483890.218853 12.323435 328254.011346 4152858.401783 42.616004 
11694483890.616763 12.089774 328253.984066 4152858.538957 42.615454 
11694483890.820620 11.924361 328253.964919 4152858.638951 42.614432 
11694483891.008424 11.819450 328253.952266 4152858.704644 42.612187 
11694483891.219577 11.776826 328253.946262 4152858.728513 42.612374 
11694483891.618553 11.775304 328253.945436 4152858.722844 42.612223 
11694483891.817938 11.771367 328253.944433 4152858.718814 42.612692 
11694483892.020749 11.770791 328253.944881 4152858.718511 42.610203 
11694483892.218527 11.773346 328253.943161 4152858.719010 42.609998 
11694483892.416101 11.773794 328253.941095 4152858.717846 42.610348 
11694483892.821579 11.773043 328253.938451 4152858.717354 42.610790 
11694483893.019917 11.773600 328253.937775 4152858.717021 42.609219 
11694483893.210095 11.774833 328253.938006 4152858.716119 42.610318 
11694483893.421323 11.776702 328253.938764 4152858.714846 42.612148 
11694483893.622735 11.775675 328253.939460 4152858.713101 42.613871 
11694483893.819204 11.769946 328253.940093 4152858.713052 42.613551 
11694483894.206058 11.741893 328253.938009 4152858.729366 42.614272 
11694483894.420430 11.689892 328253.933060 4152858.761636 42.619564 
11694483894.620535 11.626010 328253.927720 4152858.796534 42.624731 
11694483894.815586 11.572082 328253.922904 4152858.829320 42.627083 
11694483895.214509 11.495396 328253.914228 4152858.876304 42.626091 
11694483895.421386 11.409621 328253.904887 4152858.923377 42.625784 
11694483895.617657 11.313865 328253.893831 4152858.979821 42.625588 
11694483895.819397 11.227921 328253.885026 4152859.028413 42.624858 
11694483896.218193 11.123338 328253.874794 4152859.089175 42.622452 
11694483896.419696 11.029802 328253.864313 4152859.147396 42.620385 
11694483896.611107 10.918497 328253.851772 4152859.216423 42.618267 
11694483896.807611 10.797841 328253.838592 4152859.292531 42.616392 
11694483897.018676 10.687266 328253.827208 4152859.367147 42.613875 
11694483897.417783 10.440512 328253.800890 4152859.535208 42.612342 
11694483897.619221 10.164255 328253.771579 4152859.725904 42.610510 
11694483897.817545 9.834430 328253.740208 4152859.937039 42.607679  
11694483898.218381 9.198544 328253.688547 4152860.282241 42.605346  
11694483898.420799 8.354722 328253.638928 4152860.632165 42.605177  
11694483898.613150 7.057601 328253.589947 4152861.030301 42.605014  
11694483898.818495 5.879543 328253.553136 4152861.394343 42.599867  
11694483899.218542 4.195472 328253.512796 4152861.921072 42.596339  
11694483899.424207 2.475110 328253.483767 4152862.476467 42.596155  
11694483899.625281 0.702234 328253.471713 4152863.037718 42.591531  
11694483899.809887 -0.803935 328253.475972 4152863.525336 42.588030 
11694483900.224070 -3.421131 328253.518387 4152864.346410 42.582652 
11694483900.418668 -5.819330 328253.585154 4152865.079795 42.575706 
11694483900.618404 -8.500837 328253.687590 4152865.845678 42.570655 
11694483901.007077 -12.114608 328253.870686 4152866.801801 42.574254
11694483901.221293 -16.112273 328254.134364 4152867.788430 42.579137
11694483901.607524 -20.270265 328254.474819 4152868.778246 42.582569
11694483901.817700 -24.343227 328254.889883 4152869.753213 42.578439
11694483902.021819 -28.634884 328255.401483 4152870.751445 42.571491
11694483902.217685 -32.187021 328255.889497 4152871.573069 42.566853
11694483902.620357 -37.176615 328256.726062 4152872.767838 42.570776
11694483902.817135 -41.189753 328257.518253 4152873.724594 42.580530
11694483903.016952 -44.603962 328258.266097 4152874.513348 42.579790
11694483903.421584 -49.263651 328259.489908 4152875.623636 42.576480
11694483903.617543 -52.384475 328260.517225 4152876.440468 42.577796
11694483903.812993 -54.986325 328261.590561 4152877.203763 42.581351
11694483904.219424 -57.938886 328263.139965 4152878.203639 42.578292
11694483904.411396 -60.151475 328264.477517 4152878.973707 42.567037
11694483904.623873 -61.977629 328265.876823 4152879.725171 42.587630
11694483905.008425 -63.446546 328267.465424 4152880.503482 42.572900
11694483905.216965 -64.046958 328268.377060 4152880.929346 42.571851
11694483905.419012 -65.312146 328270.510030 4152881.875419 42.552387
11694483905.820433 -66.351679 328272.329065 4152882.637508 42.538588
11694483906.007540 -67.036408 328274.221461 4152883.398002 42.532255
11694483906.217805 -67.445144 328276.190395 4152884.171581 42.528115
11694483906.603832 -67.703840 328278.478584 4152885.052039 42.519569
11694483906.818242 -67.829875 328280.414503 4152885.788975 42.510680
11694483907.018494 -67.880708 328282.350693 4152886.524743 42.499918
11694483907.418043 -67.909624 328284.607950 4152887.385720 42.493608
11694483907.618582 -67.962165 328286.674835 4152888.173129 42.489026
11694483907.811006 -68.033647 328288.868180 4152889.005367 42.490003
11694483908.019781 -68.085309 328290.901887 4152889.772224 42.491383
11694483908.220683 -68.038333 328292.757728 4152890.474980 42.487910
11694483908.618436 -68.046928 328295.243096 4152891.418749 42.485112
11694483908.821184 -67.996562 328297.373557 4152892.226040 42.479618
11694483909.018716 -67.501795 328299.675733 4152893.098003 42.476233
11694483909.219724 -67.037580 328301.603630 4152893.851243 42.476543
11694483909.614904 -66.325038 328303.938406 4152894.789059 42.477875
11694483909.818237 -65.722140 328306.063802 4152895.673073 42.483851
11694483910.004328 -65.148450 328308.087900 4152896.533849 42.481131
11694483910.417181 -64.514072 328310.629445 4152897.645539 42.478225
11694483910.617976 -64.070049 328312.880825 4152898.657709 42.477745
11694483910.818604 -63.880432 328315.190020 4152899.714482 42.473419
11694483911.019451 -63.777139 328317.163938 4152900.624958 42.470145
11694483911.421352 -63.640996 328320.032506 4152901.954653 42.456941
11694483911.620824 -63.667020 328322.440388 4152903.076281 42.453440
11694483911.819566 -63.784536 328324.302423 4152903.941760 42.446839
11694483912.218807 -64.167791 328327.112605 4152905.243854 42.442854
11694483912.416452 -64.535977 328329.458973 4152906.319289 42.425469
11694483912.605612 -64.834150 328331.266177 4152907.133711 42.421859
11694483913.020052 -65.270341 328333.984740 4152908.330236 42.413265
11694483913.221101 -65.641760 328336.233907 4152909.314844 42.410676
11694483913.418522 -66.020793 328337.953628 4152910.055699 42.408924
11694483913.816891 -66.619497 328340.362818 4152911.070955 42.409789
11694483914.023405 -67.190118 328342.403538 4152911.896545 42.405412
11694483914.220346 -67.668192 328344.243196 4152912.618188 42.397658
11694483914.617773 -68.007343 328346.485010 4152913.474575 42.387258
11694483914.817787 -68.065890 328348.377969 4152914.189801 42.378851
11694483915.017970 -68.108037 328350.096358 4152914.836711 42.376097
11694483915.421200 -68.184497 328352.275105 4152915.654810 42.370446
11694483915.613312 -68.357695 328353.999652 4152916.300064 42.365685
11694483915.816976 -68.563223 328355.559670 4152916.877207 42.361860
11694483916.018651 -68.740235 328356.963367 4152917.390778 42.360947
11694483916.418316 -68.868079 328359.002590 4152918.127332 42.355929
11694483916.617668 -68.979403 328360.626543 4152918.712197 42.348143
11694483916.818480 -69.075648 328362.118052 4152919.246838 42.342010
11694483917.220874 -69.190424 328363.874558 4152919.874310 42.336024
11694483917.417981 -69.190346 328365.498650 4152920.450679 42.331619
11694483917.609928 -69.055712 328367.112019 4152921.024709 42.330748
11694483917.811208 -68.887116 328368.580139 4152921.551857 42.332759
11694483918.220567 -68.573516 328370.336345 4152922.189630 42.338759
11694483918.418802 -68.486197 328371.865291 4152922.752796 42.343343
11694483918.616915 -68.412358 328373.296045 4152923.281173 42.346540
11694483918.808518 -68.353629 328374.631082 4152923.776741 42.349229
11694483919.019057 -68.295837 328375.818094 4152924.218222 42.352625
11694483919.422384 -68.215896 328377.457059 4152924.830283 42.355645
11694483919.616708 -68.177222 328378.611574 4152925.262823 42.358587
11694483919.819216 -68.168941 328379.820554 4152925.716621 42.358885
11694483920.013201 -68.186559 328380.987468 4152926.149667 42.358201
11694483920.411621 -68.194403 328382.404509 4152926.656002 42.356041
11694483920.607586 -68.191783 328383.419827 4152927.017692 42.355632
11694483920.817089 -68.206146 328384.506260 4152927.405162 42.354061
11694483921.004891 -68.240497 328385.651768 4152927.834090 42.350574
11694483921.420357 -68.282048 328386.763382 4152928.257605 42.337935
11694483921.609059 -68.317363 328387.761872 4152928.636662 42.325195
11694483921.819633 -68.402268 328388.693691 4152928.991030 42.312125
11694483922.018405 -68.474290 328389.526266 4152929.298335 42.308913
11694483922.216632 -68.556818 328390.415096 4152929.626017 42.312114
11694483922.418130 -68.669901 328391.286916 4152929.946460 42.317292
11694483922.819455 -68.757729 328392.180249 4152930.273051 42.322826
11694483923.019758 -68.889745 328392.990543 4152930.568653 42.323005
11694483923.221798 -69.024016 328393.869998 4152930.888241 42.322741
11694483923.417693 -69.183223 328394.677638 4152931.181603 42.323917
11694483923.610199 -69.295196 328395.484858 4152931.471311 42.323814
11694483923.818903 -69.416298 328396.288245 4152931.757588 42.325329
11694483924.019195 -69.542985 328397.083182 4152932.037590 42.324968
11694483924.220798 -69.639174 328397.788012 4152932.282831 42.323807
11694483924.618228 -69.777754 328398.801691 4152932.633578 42.323070
11694483924.819260 -69.870857 328399.515077 4152932.879142 42.320905
11694483925.019276 -69.971280 328400.232986 4152933.127055 42.318701
11694483925.219074 -70.066449 328400.924985 4152933.367753 42.317111
11694483925.423762 -70.163103 328401.545455 4152933.582732 42.315223
11694483925.621296 -70.270158 328402.158132 4152933.793894 42.313370
11694483925.813079 -70.358424 328402.742212 4152933.993535 42.313256
11694483926.210777 -70.547746 328403.595343 4152934.256257 42.297863
11694483926.417940 -70.717667 328404.345925 4152934.470606 42.280401
11694483926.612620 -70.873890 328405.085224 4152934.681358 42.266202
11694483926.818782 -71.047231 328405.995684 4152934.941823 42.251664
11694483927.018406 -71.214852 328406.882522 4152935.222633 42.254396
11694483927.216049 -71.391406 328407.820694 4152935.521566 42.256805
11694483927.419192 -71.554554 328408.717746 4152935.803743 42.261296
11694483927.821284 -71.835174 328410.042436 4152936.215889 42.266374
11694483928.008863 -72.006579 328410.632579 4152936.396051 42.269823
11694483928.221007 -72.758703 328412.429359 4152936.936736 42.283244
11694483928.420299 -73.266464 328413.624708 4152937.287259 42.306160
11694483928.617251 -73.733115 328414.620610 4152937.570152 42.300520
11694483928.817681 -74.293980 328415.614596 4152937.840505 42.288498
11694483929.213058 -75.128048 328417.215326 4152938.235539 42.278269
11694483929.419161 -75.673655 328418.545598 4152938.536980 42.263528
11694483929.618840 -76.075911 328419.705464 4152938.792734 42.254757
11694483929.822106 -76.388734 328420.788376 4152939.026300 42.251180
11694483930.219009 -76.668981 328422.347886 4152939.367069 42.244649
11694483930.410924 -76.798615 328423.726001 4152939.666562 42.239992
11694483930.623090 -76.567225 328425.144003 4152939.971244 42.234583
11694483930.817507 -76.025047 328426.531788 4152940.278728 42.228036
11694483931.018591 -75.710175 328427.818967 4152940.573390 42.223464
11694483931.419904 -75.500162 328429.427965 4152940.942519 42.225740
11694483931.610088 -75.348150 328430.786409 4152941.256849 42.223547
11694483931.817406 -75.058039 328432.259085 4152941.604779 42.226695
11694483932.018905 -74.793522 328433.651596 4152941.945583 42.224020
11694483932.213373 -74.566786 328434.899863 4152942.265924 42.220184
11694483932.418168 -74.369781 328436.233310 4152942.617599 42.216820
11694483932.613719 -74.203689 328437.416745 4152942.933502 42.213055
11694483932.822776 -74.048963 328438.512819 4152943.227770 42.212898
11694483933.203881 -73.836572 328439.992031 4152943.614313 42.215188
11694483933.419186 -73.466050 328441.187923 4152943.922194 42.217023
11694483933.617805 -72.891895 328442.300940 4152944.217561 42.218416
11694483933.821729 -72.413901 328443.243424 4152944.479210 42.217191
11694483934.021328 -72.099269 328444.107766 4152944.733621 42.214151
11694483934.203752 -72.056242 328444.826165 4152944.946013 42.208270
11694483934.617884 -71.930885 328445.693663 4152945.201037 42.198056
11694483934.823744 -71.886440 328446.285432 4152945.376617 42.192148
11694483935.013325 -71.791841 328446.873196 4152945.552431 42.188351
11694483935.213062 -71.711292 328447.325508 4152945.696144 42.189431
11694483935.419099 -71.560006 328447.699644 4152945.819244 42.190270
11694483935.612440 -71.375513 328448.010677 4152945.923459 42.188212
11694483935.818978 -71.229545 328448.287447 4152946.016749 42.187484
11694483936.018126 -71.132268 328448.535265 4152946.095790 42.187057
11694483936.216902 -71.030502 328448.767919 4152946.170858 42.195864
11694483936.618481 -70.926936 328449.057351 4152946.266111 42.205726
11694483936.819192 -70.842834 328449.264707 4152946.334544 42.214298
11694483937.018468 -70.763375 328449.448318 4152946.395436 42.215406
11694483937.208655 -70.725547 328449.587363 4152946.442742 42.216812
11694483937.420230 -70.695564 328449.666910 4152946.470967 42.218427
11694483937.620412 -70.695130 328449.688746 4152946.480471 42.219239
11694483938.019906 -70.690498 328449.676410 4152946.479009 42.220243
11694483938.221430 -70.696225 328449.678763 4152946.479613 42.217149
11694483938.422812 -70.691028 328449.675118 4152946.476445 42.208968
11694483938.619162 -70.689296 328449.673567 4152946.474656 42.203208
11694483938.807621 -70.688177 328449.671711 4152946.472639 42.197460
11694483939.011158 -70.686043 328449.671355 4152946.473844 42.197245
11694483939.216059 -70.685107 328449.673785 4152946.472253 42.196087
11694483939.619470 -70.683599 328449.676952 4152946.470730 42.194274
11694483939.815439 -70.682684 328449.679774 4152946.469587 42.192920
11694483940.020158 -70.681432 328449.680583 4152946.469986 42.192224
11694483940.216435 -70.681294 328449.681550 4152946.470089 42.193796
11694483940.417971 -70.679648 328449.682532 4152946.469834 42.196139
11694483940.617047 -70.681155 328449.683492 4152946.469644 42.198184
11694483940.819951 -70.679728 328449.684587 4152946.469896 42.199627
11694483941.221096 -70.681480 328449.685104 4152946.470592 42.199431
11694483941.412058 -70.682463 328449.684748 4152946.470442 42.199790
11694483941.610370 -70.684426 328449.684435 4152946.470222 42.199988
11694483941.819891 -70.685682 328449.684273 4152946.470046 42.200436
11694483942.018434 -70.686333 328449.685035 4152946.470503 42.200219
11694483942.219299 -70.685608 328449.684811 4152946.471211 42.199094
11694483942.424910 -70.686118 328449.684220 4152946.471752 42.197677
11694483942.622125 -70.685491 328449.683536 4152946.472563 42.196097
11694483942.819836 -70.682853 328449.683255 4152946.473023 42.194959
11694483943.019383 -70.682105 328449.683586 4152946.473805 42.194791
11694483943.412178 -70.681048 328449.683554 4152946.473890 42.196973
11694483943.621096 -70.680834 328449.683372 4152946.473884 42.198911
11694483943.821702 -70.681318 328449.683280 4152946.473859 42.200567
11694483944.012057 -70.679214 328449.683383 4152946.474339 42.200887
11694483944.218273 -70.680379 328449.683719 4152946.474644 42.200934
11694483944.413787 -70.681799 328449.684134 4152946.475026 42.201077
11694483944.619359 -70.682101 328449.684561 4152946.475339 42.201210
11694483944.822009 -70.683576 328449.684888 4152946.475689 42.201388
11694483945.218591 -70.683504 328449.677949 4152946.483470 42.195361
11694483945.419549 -70.684521 328449.666838 4152946.495404 42.185581
11694483945.617609 -70.686138 328449.656732 4152946.506241 42.176679
11694483945.819660 -70.687622 328449.647221 4152946.516520 42.168203
11694483946.021550 -70.688317 328449.646014 4152946.518103 42.167074
11694483946.220036 -70.689004 328449.645393 4152946.518660 42.166934
11694483946.419860 -70.690269 328449.644736 4152946.519096 42.166893
11694483946.617379 -70.690823 328449.644140 4152946.519349 42.166889
11694483946.815375 -70.690563 328449.643836 4152946.519270 42.167007
11694483947.018509 -70.689042 328449.643970 4152946.518697 42.167427
11694483947.420493 -70.685978 328449.643644 4152946.518757 42.168336
11694483947.621696 -70.684755 328449.643467 4152946.518769 42.169028
11694483947.819458 -70.683257 328449.643215 4152946.518696 42.169768
11694483948.021292 -70.683108 328449.643400 4152946.518288 42.170449
11694483948.218052 -70.681759 328449.643364 4152946.519230 42.170617
11694483948.417530 -70.682067 328449.643259 4152946.520091 42.170862
11694483948.620057 -70.679749 328449.643000 4152946.521105 42.171243
11694483948.818051 -70.679110 328449.642836 4152946.521726 42.171734
11694483949.018242 -70.678867 328449.642688 4152946.521461 42.172399
11694483949.221949 -70.679248 328449.642236 4152946.521225 42.172656
11694483949.420603 -70.679415 328449.641718 4152946.520897 42.172975
11694483949.822446 -70.681432 328449.640960 4152946.520514 42.173506
11694483950.019412 -70.681532 328449.640330 4152946.519866 42.174433
11694483950.218552 -70.681177 328449.639973 4152946.519989 42.174538
11694483950.414837 -70.680332 328449.639658 4152946.520356 42.174579
11694483950.617222 -70.679849 328449.639532 4152946.520470 42.174584
11694483950.811528 -70.677573 328449.638793 4152946.520839 42.174934
11694483951.217851 -70.676384 328449.638749 4152946.520699 42.175469
11694483951.416304 -70.676058 328449.639129 4152946.521047 42.175184
11694483951.619365 -70.676660 328449.639467 4152946.521396 42.174896
11694483951.817333 -70.676625 328449.639631 4152946.521634 42.174722
11694483952.013230 -70.677267 328449.639283 4152946.521212 42.175699
11694483952.210352 -70.677058 328449.639538 4152946.522147 42.175281
11694483952.422112 -70.678517 328449.639731 4152946.522990 42.174890
11694483952.618447 -70.679090 328449.639877 4152946.523896 42.174479
11694483953.019000 -70.678386 328449.639819 4152946.524314 42.174702
11694483953.217999 -70.678434 328449.639729 4152946.524567 42.174567
11694483953.421820 -70.677933 328449.639620 4152946.524792 42.174172
11694483953.621057 -70.680069 328449.639321 4152946.525098 42.173738
11694483953.819621 -70.681584 328449.638895 4152946.525190 42.173353
11694483954.016773 -70.680775 328449.638278 4152946.525069 42.173488
11694483954.219588 -70.679275 328449.637845 4152946.525044 42.173045
11694483954.417236 -70.681378 328449.637245 4152946.525040 42.172575
11694483954.818482 -70.682016 328449.636352 4152946.524840 42.171821
11694483955.024688 -70.681211 328449.635248 4152946.524485 42.171617
11694483955.223337 -70.680794 328449.635746 4152946.524435 42.171004
11694483955.418237 -70.678867 328449.636391 4152946.524421 42.170182
11694483955.619419 -70.677603 328449.636916 4152946.524290 42.169403
11694483955.818838 -70.676677 328449.637294 4152946.524042 42.168492
11694483956.020293 -70.676879 328449.637101 4152946.523720 42.167882
11694483956.408941 -70.677862 328449.637678 4152946.524032 42.166868
11694483956.619770 -70.678038 328449.638121 4152946.524269 42.165743
11694483956.819861 -70.679901 328449.638570 4152946.524287 42.164437
11694483957.005853 -70.678624 328449.638249 4152946.523633 42.162992
11694483957.217980 -70.680103 328449.638570 4152946.523243 42.162397
11694483957.419556 -70.680631 328449.638653 4152946.522643 42.161828
11694483957.617498 -70.681007 328449.638582 4152946.521789 42.161232
11694483957.816248 -70.680338 328449.638262 4152946.520733 42.160398
11694483958.206335 -70.680749 328449.637568 4152946.519690 42.159536
11694483958.417220 -70.680143 328449.637075 4152946.519360 42.159400
11694483958.620726 -70.679013 328449.636537 4152946.518854 42.159222
11694483958.808125 -70.680231 328449.635797 4152946.518261 42.158880
11694483959.011109 -70.678688 328449.634899 4152946.517029 42.157695
11694483959.210891 -70.678723 328449.635208 4152946.517640 42.157640
11694483959.420245 -70.678984 328449.635485 4152946.518130 42.157495
11694483959.611394 -70.678079 328449.635570 4152946.518448 42.157327
11694483959.818506 -70.677376 328449.635271 4152946.518141 42.156754
11694483960.218694 -70.676784 328449.635040 4152946.517463 42.155965
11694483960.419390 -70.676605 328449.635708 4152946.517755 42.156100
11694483960.621217 -70.677116 328449.636394 4152946.517959 42.156149
11694483960.809725 -70.677401 328449.636968 4152946.518082 42.156158
11694483961.018918 -70.676214 328449.636620 4152946.516909 42.154990
11694483961.210175 -70.676117 328449.637188 4152946.517114 42.155496
11694483961.419835 -70.677862 328449.637743 4152946.517162 42.155901
11694483961.819391 -70.677791 328449.638073 4152946.517030 42.156244
11694483962.016108 -70.676612 328449.637635 4152946.515907 42.155231
11694483962.209550 -70.679329 328449.637580 4152946.515936 42.155116
11694483962.414984 -70.678450 328449.637519 4152946.516393 42.155485
11694483962.619618 -70.678264 328449.637531 4152946.516889 42.155897
11694483962.819922 -70.679536 328449.637370 4152946.517265 42.155885
11694483963.016532 -70.679235 328449.636991 4152946.516498 42.154639
11694483963.216990 -70.679857 328449.637343 4152946.517013 42.154778
11694483963.419364 -70.677841 328449.637508 4152946.517272 42.154791
11694483963.816875 -70.677410 328449.637669 4152946.517658 42.154628
11694483964.018063 -70.677471 328449.637226 4152946.516903 42.153199
11694483964.219903 -70.676749 328449.637096 4152946.517395 42.153340
11694483964.418882 -70.676056 328449.637059 4152946.517910 42.153731
11694483964.619465 -70.675357 328449.636873 4152946.518374 42.154049
11694483964.820093 -70.675048 328449.636564 4152946.518569 42.154070
11694483965.023675 -70.676294 328449.636193 4152946.518207 42.153332
11694483965.209715 -70.675153 328449.636664 4152946.518748 42.154042
11694483965.620818 -70.675814 328449.637358 4152946.519396 42.155080
11694483965.819829 -70.675898 328449.637909 4152946.519925 42.156040
11694483966.016171 -70.676414 328449.637684 4152946.519277 42.155396
11694483966.217695 -70.676777 328449.638403 4152946.519703 42.156246
11694483966.420704 -70.679200 328449.639097 4152946.520058 42.157212
11694483966.618766 -70.678843 328449.639775 4152946.520279 42.158277
11694483966.819336 -70.679748 328449.640225 4152946.520261 42.158861
11694483967.019297 -70.678792 328449.640182 4152946.519934 42.158637
11694483967.412113 -70.677627 328449.640117 4152946.520200 42.159526
11694483967.620579 -70.678238 328449.640041 4152946.520295 42.160282
11694483967.816961 -70.678430 328449.639985 4152946.520338 42.160947
11694483968.019264 -70.677890 328449.639877 4152946.519830 42.160740
11694483968.223195 -70.678456 328449.640050 4152946.520107 42.161161
11694483968.410295 -70.677436 328449.640204 4152946.520332 42.161590
11694483968.620693 -70.678459 328449.640189 4152946.520483 42.161948
11694483968.816451 -70.679195 328449.640100 4152946.520477 42.162096
11694483969.222354 -70.680477 328449.639849 4152946.520298 42.162069
11694483969.420521 -70.680881 328449.639695 4152946.520468 42.162459
11694483969.615983 -70.679992 328449.639480 4152946.520497 42.162864
11694483969.818551 -70.679430 328449.639227 4152946.520459 42.163155
11694483970.015425 -70.679801 328449.638947 4152946.520005 42.163064
11694483970.223910 -70.679693 328449.638749 4152946.520584 42.163299
11694483970.425511 -70.678253 328449.638581 4152946.521167 42.163418
11694483970.819763 -70.678881 328449.638253 4152946.521917 42.163545
11694483971.010929 -70.678615 328449.637684 4152946.521665 42.163263
11694483971.219882 -70.677765 328449.637982 4152946.521830 42.163323
11694483971.421452 -70.677351 328449.638275 4152946.521822 42.163275
11694483971.621943 -70.677375 328449.638534 4152946.521751 42.163329
11694483971.819257 -70.678262 328449.638598 4152946.521659 42.163387
11694483972.016754 -70.680342 328449.638083 4152946.521394 42.163078
11694483972.209723 -70.679852 328449.638084 4152946.521420 42.163206
11694483972.415201 -70.679632 328449.638080 4152946.521512 42.163390
11694483972.811941 -70.679324 328449.637951 4152946.521646 42.163562
11694483973.021866 -70.679720 328449.637383 4152946.521447 42.163339
11694483973.210375 -70.680130 328449.637423 4152946.521552 42.163375
11694483973.420668 -70.679118 328449.637383 4152946.521660 42.163395
11694483973.617031 -70.678887 328449.637311 4152946.521645 42.163352
11694483973.819947 -70.679853 328449.636991 4152946.521628 42.163172
11694483974.012416 -70.680567 328449.636436 4152946.521637 42.162949
11694483974.414683 -70.678960 328449.636276 4152946.522071 42.163087
11694483974.605866 -70.677925 328449.635877 4152946.522479 42.163240
11694483974.820708 -70.677829 328449.635219 4152946.522959 42.163404
11694483975.019831 -70.677842 328449.633841 4152946.522914 42.163091
11694483975.214911 -70.678634 328449.633746 4152946.523078 42.163192
11694483975.419143 -70.677840 328449.633558 4152946.523222 42.163225
11694483975.619264 -70.678494 328449.633322 4152946.523307 42.163270
11694483975.816041 -70.679919 328449.632742 4152946.523485 42.163199
11694483976.026491 -70.679693 328449.632037 4152946.523529 42.163033
11694483976.221535 -70.679304 328449.632797 4152946.523822 42.163077
11694483976.421453 -70.678749 328449.633622 4152946.524115 42.163063
11694483976.609280 -70.678910 328449.634258 4152946.524406 42.163024
11694483977.020499 -70.677456 328449.634114 4152946.524415 42.162668
11694483977.213855 -70.676570 328449.634263 4152946.524318 42.162812
11694483977.417385 -70.675810 328449.634802 4152946.524263 42.163132
11694483977.618078 -70.676339 328449.635336 4152946.524274 42.163411
11694483977.824022 -70.677030 328449.635636 4152946.524154 42.163611
11694483978.018204 -70.677301 328449.635205 4152946.524186 42.163447
11694483978.221597 -70.677798 328449.635640 4152946.524073 42.163686
11694483978.411618 -70.677782 328449.636011 4152946.524204 42.163804
11694483978.621442 -70.677356 328449.636318 4152946.524296 42.163849
11694483979.009610 -70.676919 328449.636116 4152946.524552 42.163607
11694483979.223655 -70.676545 328449.636438 4152946.524859 42.163734
11694483979.419502 -70.676030 328449.636852 4152946.525172 42.163938
11694483979.620448 -70.677281 328449.637290 4152946.525471 42.164178
11694483979.808341 -70.678226 328449.637630 4152946.525831 42.164437
11694483980.020034 -70.678765 328449.637499 4152946.526069 42.164216
11694483980.222820 -70.679366 328449.637833 4152946.526098 42.164392
11694483980.419455 -70.681154 328449.638190 4152946.526024 42.164549
11694483980.618655 -70.681121 328449.638491 4152946.525886 42.164690
11694483980.819619 -70.682301 328449.638488 4152946.525880 42.164648
11694483981.213912 -70.682838 328449.638588 4152946.525777 42.164839
11694483981.417308 -70.681187 328449.638863 4152946.525799 42.165200
11694483981.619417 -70.679397 328449.639176 4152946.525661 42.165686
11694483981.820381 -70.676424 328449.639514 4152946.525705 42.166123
11694483982.020638 -70.676725 328449.639498 4152946.526102 42.166181
11694483982.220218 -70.677231 328449.639867 4152946.525925 42.166455
11694483982.406406 -70.677075 328449.640182 4152946.525572 42.166873
11694483982.627808 -70.678664 328449.640526 4152946.525149 42.167256
11694483982.818573 -70.678784 328449.640856 4152946.524775 42.167719
11694483983.020584 -70.679197 328449.640976 4152946.524710 42.168023
11694483983.219215 -70.677285 328449.641110 4152946.524584 42.168311
11694483983.622185 -70.677337 328449.641220 4152946.524408 42.168589
11694483983.823128 -70.679531 328449.641265 4152946.524477 42.168899
11694483984.008539 -70.679388 328449.641478 4152946.524437 42.169305
11694483984.211840 -70.678665 328449.641374 4152946.524263 42.169363
11694483984.417995 -70.678829 328449.641293 4152946.523909 42.169551
11694483984.620666 -70.678453 328449.641234 4152946.523541 42.169771
11694483984.813612 -70.677145 328449.641375 4152946.523139 42.170197
11694483985.018713 -70.677774 328449.641561 4152946.523433 42.170447
11694483985.213213 -70.677954 328449.641739 4152946.523906 42.170514
11694483985.418129 -70.678440 328449.641907 4152946.524530 42.170618
11694483985.618752 -70.678186 328449.642131 4152946.524944 42.170665
11694483986.023231 -70.678720 328449.642603 4152946.525553 42.171026
11694483986.221379 -70.678077 328449.642677 4152946.525135 42.171184
11694483986.415170 -70.677408 328449.642484 4152946.524581 42.171268
11694483986.618118 -70.677891 328449.642433 4152946.524035 42.171462
11694483986.819068 -70.678284 328449.642360 4152946.523573 42.171673
11694483987.018250 -70.677266 328449.642706 4152946.523592 42.172376
11694483987.226404 -70.677040 328449.642610 4152946.523867 42.172319
11694483987.418817 -70.677807 328449.642402 4152946.524123 42.172010
11694483987.614872 -70.677652 328449.642292 4152946.524634 42.171682
11694483987.821234 -70.677289 328449.642381 4152946.525226 42.171378
11694483988.022887 -70.676927 328449.642569 4152946.525523 42.171477
11694483988.419558 -70.679458 328449.642273 4152946.525297 42.171006
11694483988.622761 -70.681152 328449.641894 4152946.525176 42.170487
11694483988.819389 -70.680259 328449.641497 4152946.525094 42.169990
11694483989.019309 -70.682055 328449.641383 4152946.525220 42.169805
11694483989.219267 -70.680605 328449.641285 4152946.525024 42.169608
11694483989.420069 -70.681349 328449.641089 4152946.524770 42.169411
11694483989.624335 -70.680257 328449.640897 4152946.524461 42.169157
11694483989.817718 -70.679377 328449.640545 4152946.524069 42.168811
11694483990.017332 -70.680556 328449.640312 4152946.523892 42.168674
11694483990.219132 -70.680071 328449.640193 4152946.523668 42.168561
11694483990.420909 -70.680446 328449.640063 4152946.523416 42.168452
11694483990.621119 -70.679766 328449.639933 4152946.523147 42.168326
11694483991.019238 -70.679165 328449.639394 4152946.522755 42.167992
11694483991.212782 -70.678735 328449.639510 4152946.522374 42.167962
11694483991.420905 -70.676634 328449.639484 4152946.522178 42.167921
11694483991.620783 -70.677582 328449.639702 4152946.521731 42.167918
11694483991.820801 -70.678062 328449.639796 4152946.521281 42.167873
11694483992.019774 -70.677955 328449.639547 4152946.520564 42.167571
11694483992.219307 -70.678093 328449.639814 4152946.521000 42.167558
11694483992.419948 -70.677081 328449.640139 4152946.521364 42.167507
11694483992.621177 -70.678192 328449.640379 4152946.521852 42.167449
11694483993.009792 -70.676666 328449.640472 4152946.521983 42.167244
11694483993.217211 -70.675867 328449.640376 4152946.522247 42.167339
11694483993.419613 -70.674867 328449.640309 4152946.522642 42.167460
11694483993.619650 -70.673834 328449.640325 4152946.523145 42.167572
11694483993.818391 -70.674817 328449.640442 4152946.523722 42.167588
11694483994.018425 -70.675586 328449.640710 4152946.523728 42.167413
11694483994.220431 -70.676580 328449.640988 4152946.523839 42.167499
11694483994.421329 -70.677526 328449.641324 4152946.523786 42.167479
11694483994.619544 -70.679183 328449.641679 4152946.523902 42.167489
11694483995.013038 -70.678520 328449.641913 4152946.523694 42.167292
11694483995.220072 -70.678633 328449.641582 4152946.523856 42.167395
11694483995.419376 -70.678507 328449.641288 4152946.523955 42.167555
11694483995.619347 -70.677945 328449.640745 4152946.524116 42.167680
11694483995.820612 -70.677155 328449.640284 4152946.524288 42.167778
11694483996.020102 -70.677251 328449.640154 4152946.524406 42.167679
11694483996.221211 -70.676820 328449.640193 4152946.524401 42.167721
11694483996.422262 -70.676666 328449.640433 4152946.524299 42.168186
11694483996.819787 -70.676684 328449.640623 4152946.524270 42.168596
11694483997.018784 -70.677324 328449.640681 4152946.524403 42.168804
11694483997.217629 -70.678159 328449.640958 4152946.524438 42.169037
11694483997.405286 -70.677967 328449.641219 4152946.524389 42.169301
11694483997.619107 -70.679069 328449.641425 4152946.524325 42.169506
11694483997.809634 -70.678575 328449.641721 4152946.524331 42.169681
11694483998.012701 -70.679731 328449.641823 4152946.524386 42.169694
11694483998.205404 -70.677687 328449.641847 4152946.524338 42.169774
11694483998.616984 -70.677708 328449.642148 4152946.524338 42.169898
11694483998.809435 -70.678732 328449.642604 4152946.524416 42.170079
11694483999.021495 -70.676822 328449.643183 4152946.524645 42.170373
11694483999.217734 -70.674410 328449.648940 4152946.526528 42.168077
11694483999.422783 -70.674938 328449.676582 4152946.535918 42.164919
11694483999.619383 -70.660673 328449.764135 4152946.564416 42.163458
11694483999.815914 -70.678418 328449.902281 4152946.610055 42.162573
11694484000.019356 -70.719917 328450.132785 4152946.684635 42.163383
11694484000.219715 -70.780446 328450.446835 4152946.784942 42.164074
11694484000.405034 -70.829541 328450.803078 4152946.898398 42.164949
11694484000.617369 -70.888521 328451.209482 4152947.028648 42.168999
11694484000.818610 -70.927018 328451.678227 4152947.178276 42.173376
11694484001.218050 -70.915909 328452.213841 4152947.348548 42.173626
11694484001.422588 -70.867226 328452.659965 4152947.488836 42.174885
11694484001.621218 -70.795945 328453.160324 4152947.646913 42.174742
11694484001.818039 -70.722871 328453.568610 4152947.776506 42.175683
11694484002.019861 -70.637612 328454.045526 4152947.932060 42.175694
11694484002.218691 -70.613020 328454.472774 4152948.071775 42.175433
11694484002.417824 -70.575298 328454.903293 4152948.213223 42.173774
11694484002.620367 -70.541601 328455.356359 4152948.362350 42.171815
11694484003.019229 -70.512686 328455.901936 4152948.542563 42.170008
11694484003.212125 -70.480983 328456.465486 4152948.732340 42.169501
11694484003.421085 -70.388041 328457.156294 4152948.963845 42.170535
11694484003.620574 -70.328345 328457.787789 4152949.177463 42.171313
11694484003.805450 -70.221429 328458.585801 4152949.447514 42.176183
11694484004.022298 -70.128278 328459.260026 4152949.674943 42.180241
11694484004.220463 -70.023301 328459.998067 4152949.925073 42.179841
11694484004.423382 -69.920437 328460.749370 4152950.181584 42.176374
11694484004.617724 -69.837885 328461.458803 4152950.424762 42.179063
11694484004.813056 -69.799567 328462.278698 4152950.708588 42.177340
11694484005.018986 -69.725248 328463.056153 4152950.975765 42.178718
11694484005.409836 -69.668892 328464.226264 4152951.378376 42.176720
11694484005.617526 -69.586189 328465.079511 4152951.673595 42.179902
11694484005.820760 -69.310671 328466.037535 4152952.006621 42.173996
11694484006.021643 -68.956817 328466.810499 4152952.280914 42.175393
11694484006.218360 -68.647889 328467.698205 4152952.603796 42.173138
11694484006.415385 -68.386419 328468.477733 4152952.890421 42.168633
11694484006.812851 -68.120543 328469.336562 4152953.209804 42.163028
11694484007.018783 -67.814419 328470.104786 4152953.500451 42.157527
11694484007.218091 -67.388450 328470.879031 4152953.793553 42.152430
11694484007.419932 -67.039950 328471.564909 4152954.058878 42.150967
11694484007.617866 -66.721265 328472.176529 4152954.295204 42.144407
11694484007.818146 -66.404451 328472.834594 4152954.557909 42.141549
11694484008.019127 -66.096970 328473.479415 4152954.823218 42.142599
11694484008.220158 -65.724973 328474.053775 4152955.062802 42.140289
11694484008.418680 -65.117205 328474.616113 4152955.301490 42.138437
11694484008.819819 -64.168217 328475.355327 4152955.627697 42.137113
11694484009.017407 -63.459386 328475.918835 4152955.886605 42.138636
11694484009.209495 -62.432757 328476.556292 4152956.191491 42.141693
11694484009.404874 -61.204620 328477.181774 4152956.507207 42.141409
11694484009.618663 -60.039876 328477.782752 4152956.825946 42.139399
11694484009.808687 -58.386059 328478.492041 4152957.220961 42.139371
11694484010.013539 -56.657945 328479.079915 4152957.572582 42.140055
11694484010.421234 -53.413958 328479.931570 4152958.133539 42.137394
11694484010.619199 -50.693065 328480.595171 4152958.624077 42.132821
11694484010.819035 -47.641515 328481.262149 4152959.165046 42.130423
11694484011.012684 -44.170428 328481.870561 4152959.715703 42.133759
11694484011.405678 -38.423225 328482.683544 4152960.575148 42.130597
11694484011.617553 -33.868513 328483.262792 4152961.311369 42.126215
11694484011.819724 -29.334975 328483.781492 4152962.089471 42.128940
11694484012.018348 -24.639775 328484.274396 4152962.973321 42.139944
11694484012.421089 -19.910977 328484.736058 4152963.997706 42.146820
11694484012.621440 -16.242474 328485.095066 4152965.001131 42.155336
11694484012.817696 -12.886458 328485.430820 4152966.155946 42.168592
11694484013.011058 -10.242118 328485.677261 4152967.189300 42.180424
11694484013.422757 -6.896731 328485.929918 4152968.560131 42.187655 
11694484013.611284 -4.140986 328486.082568 4152969.759114 42.189185 
11694484013.820129 -1.578607 328486.184304 4152971.067649 42.187422 
11694484014.019393 0.366828 328486.227616 4152972.195694 42.182387  
11694484014.420660 3.207821 328486.222686 4152973.764208 42.184165  
11694484014.623174 6.244494 328486.145311 4152975.257952 42.185832  
11694484014.817201 8.954923 328486.017173 4152976.521038 42.170704  
11694484015.218554 12.222342 328485.779045 4152978.037933 42.142603 
11694484015.420451 15.353879 328485.437105 4152979.623668 42.099436 
11694484015.621633 17.617192 328485.076245 4152980.967050 42.104233 
11694484016.013397 19.156180 328484.635372 4152982.409319 42.118246 
11694484016.220618 20.186501 328484.154014 4152983.836514 42.109091 
11694484016.419887 20.966395 328483.696448 4152985.159673 42.121789 
11694484016.620497 21.578130 328483.197460 4152986.504462 42.108204 
11694484017.019436 22.302922 328482.639566 4152987.991475 42.087945 
11694484017.222160 22.954534 328482.058242 4152989.481910 42.076868 
11694484017.419297 23.602251 328481.504690 4152990.860898 42.037435 
11694484017.618972 24.000337 328480.930211 4152992.252337 41.996015 
11694484017.817329 24.098962 328480.437164 4152993.421428 41.985119 
11694484018.220572 24.222931 328479.743761 4152995.067897 41.950194 
11694484018.419636 24.285262 328479.148760 4152996.481391 41.898760 
11694484018.607924 24.236108 328478.554585 4152997.879406 41.911285 
11694484018.820059 24.268780 328477.963030 4152999.270333 41.878418 
11694484019.021544 24.299310 328477.477785 4153000.418781 41.863449 
11694484019.420061 24.301082 328476.805606 4153002.005501 41.860762 
11694484019.620351 24.310391 328476.285080 4153003.232808 41.848296 
11694484019.825371 24.341220 328475.752733 4153004.495717 41.850558 
11694484020.023802 24.337662 328475.225633 4153005.733264 41.843132 
11694484020.220492 24.346952 328474.688297 4153007.003328 41.842911 
11694484020.616394 24.335993 328474.065706 4153008.473183 41.845141 
11694484020.818009 24.315625 328473.575274 4153009.628407 41.844122 
11694484021.021163 24.304295 328473.059494 4153010.845747 41.850973 
11694484021.221735 24.279886 328472.533376 4153012.082650 41.866536 
11694484021.408642 24.267414 328472.000140 4153013.337105 41.869697 
11694484021.618614 24.263230 328471.510051 4153014.494328 41.872597 
11694484021.813778 24.239157 328471.043188 4153015.595409 41.866219 
11694484022.219271 24.240539 328470.397204 4153017.124298 41.881274 
11694484022.422025 24.219184 328469.865193 4153018.377883 41.882286 
11694484022.619084 24.174200 328469.376469 4153019.525895 41.884100 
11694484022.814157 24.219216 328468.818782 4153020.846103 41.888818 
11694484023.019652 24.480737 328468.307980 4153022.052227 41.902990 
11694484023.220136 24.580243 328467.794017 4153023.252663 41.904834 
11694484023.418705 24.607224 328467.327763 4153024.340108 41.911168 
11694484023.815090 24.547091 328466.622377 4153025.991291 41.912593 
11694484024.018753 24.494264 328466.064487 4153027.289555 41.905776 
11694484024.220978 24.219824 328465.499578 4153028.623146 41.893871 
11694484024.418194 23.957995 328464.905435 4153030.027381 41.933920 
11694484024.610476 23.697039 328464.364052 4153031.319701 41.926870 
11694484024.818925 23.700013 328463.939483 4153032.374311 41.943614 
11694484025.218458 23.494802 328463.266201 4153034.006701 41.960749 
11694484025.417036 23.352328 328462.642689 4153035.535296 41.969674 
11694484025.621185 23.309202 328462.059165 4153036.973745 41.978612 
11694484025.823789 23.270958 328461.538424 4153038.253495 41.979234 
11694484026.017611 23.504827 328461.016090 4153039.549182 41.981823 
11694484026.418627 23.782435 328460.358588 4153041.152351 42.000311 
11694484026.622692 23.905904 328459.801608 4153042.501639 42.009147 
11694484026.821748 24.032339 328459.195286 4153043.963183 42.011147 
11694484027.019645 24.108683 328458.592013 4153045.404181 42.023434 
11694484027.222922 24.194384 328458.049091 4153046.703043 42.027538 
11694484027.419560 24.266252 328457.516943 4153047.971543 42.030874 
11694484027.619371 24.302043 328456.995213 4153049.207988 42.029895 
11694484028.013712 24.232532 328456.373263 4153050.681646 42.033205 
11694484028.214499 24.160923 328455.858509 4153051.901641 42.029561 
11694484028.417260 24.046005 328455.338760 4153053.147101 42.035213 
11694484028.618370 23.874023 328454.831391 4153054.364152 42.040423 
11694484028.821036 23.674181 328454.402360 4153055.408089 42.052050 
11694484029.219321 23.404099 328453.866282 4153056.721600 42.063261 
11694484029.422924 23.194114 328453.405329 4153057.862551 42.075937 
11694484029.622359 22.976735 328452.925572 4153059.070198 42.084110 
11694484029.821657 22.881849 328452.512006 4153060.109241 42.083821 
11694484030.217693 22.813155 328452.047206 4153061.292518 42.089775 
11694484030.421371 22.748225 328451.649967 4153062.307098 42.093482 
11694484030.620205 22.702571 328451.266634 4153063.286227 42.095910 
11694484030.820874 22.664685 328450.898786 4153064.229567 42.099916 
11694484031.004678 22.627923 328450.603346 4153064.987146 42.102126 
11694484031.214856 22.568549 328450.316075 4153065.720803 42.100486 
11694484031.620547 22.496085 328449.873173 4153066.854247 42.098117 
11694484031.818393 22.444898 328449.554468 4153067.672269 42.097122 
11694484032.004863 22.389139 328449.260156 4153068.434435 42.094900 
11694484032.218623 22.334816 328448.974800 4153069.174597 42.095224 
11694484032.618873 22.266272 328448.663936 4153069.983795 42.095100 
11694484032.808036 22.206313 328448.376459 4153070.736038 42.092771 
11694484033.020786 22.150893 328448.099130 4153071.460811 42.093766 
11694484033.222354 22.257960 328447.865014 4153072.077531 42.093223 
11694484033.419528 22.461650 328447.656536 4153072.619442 42.093079 
11694484033.821355 22.694883 328447.352853 4153073.399020 42.093816 
11694484034.022407 22.817104 328447.108903 4153074.021156 42.095857 
11694484034.223588 22.947472 328446.875992 4153074.623043 42.093875 
11694484034.622300 23.040454 328446.623747 4153075.270581 42.093570 
11694484034.818743 23.105870 328446.406563 4153075.824790 42.091966 
11694484035.020247 23.158951 328446.194099 4153076.355646 42.092422 
11694484035.222028 23.208442 328446.014112 4153076.804570 42.091526 
11694484035.620420 23.271077 328445.810477 4153077.310728 42.091827 
11694484035.817538 23.401895 328445.629504 4153077.759183 42.091834 
11694484036.010440 23.548223 328445.444463 4153078.210453 42.093779 
11694484036.204109 23.594412 328445.262043 4153078.649291 42.096320 
11694484036.606588 23.611257 328445.092246 4153079.056137 42.098436 
11694484036.808758 23.616046 328444.917203 4153079.474446 42.101118 
11694484037.019110 23.629321 328444.759853 4153079.852231 42.102418 
11694484037.217432 23.632096 328444.640623 4153080.140693 42.101773 
11694484037.421836 23.636508 328444.563893 4153080.325144 42.101385 
11694484037.818977 23.641391 328444.489564 4153080.504393 42.099051 
11694484038.020182 23.642830 328444.438480 4153080.625491 42.098642 
11694484038.220980 23.649838 328444.389561 4153080.747525 42.097529 
11694484038.419888 23.652026 328444.355489 4153080.832319 42.097076 
11694484038.819524 23.655914 328444.308658 4153080.947717 42.095295 
11694484039.011221 23.656070 328444.269642 4153081.040531 42.094680 
11694484039.219160 23.657612 328444.226423 4153081.150735 42.093081 
11694484039.418895 23.658618 328444.188120 4153081.247625 42.091876 
11694484039.818558 23.656313 328444.128008 4153081.398333 42.090835 
11694484040.020389 23.667182 328444.071111 4153081.536619 42.091451 
11694484040.220246 23.665216 328444.017047 4153081.673607 42.093508 
11694484040.420990 23.665363 328443.962407 4153081.811117 42.095091 
11694484040.817569 23.666710 328443.890915 4153081.989615 42.095505 
11694484041.021161 23.666969 328443.805957 4153082.194345 42.097439 
11694484041.217868 23.670408 328443.714982 4153082.413311 42.098945 
11694484041.412218 23.673605 328443.624923 4153082.628363 42.097617 
11694484041.619614 23.673861 328443.550570 4153082.805886 42.096403 
11694484041.817384 23.682725 328443.455245 4153083.034342 42.095478 
11694484042.223258 23.677991 328443.356738 4153083.270497 42.091548 
11694484042.410468 23.676078 328443.246032 4153083.535587 42.086685 
11694484042.614517 23.681498 328443.136760 4153083.798645 42.084250 
11694484043.018962 23.682300 328442.989176 4153084.152016 42.083699 
11694484043.222369 23.679313 328442.832291 4153084.534334 42.088129 
11694484043.413622 23.675942 328442.643823 4153084.992602 42.094434 
11694484043.620030 23.644925 328442.472933 4153085.408992 42.100268 
11694484043.804785 23.623979 328442.282668 4153085.872572 42.103135 
11694484044.218983 23.573759 328441.998647 4153086.560288 42.111438 
11694484044.419481 23.531814 328441.737929 4153087.195368 42.119723 
11694484044.620923 23.488075 328441.457142 4153087.879335 42.130538 
11694484044.817608 23.446874 328441.194396 4153088.519822 42.141334 
11694484045.220910 23.389613 328440.878014 4153089.300825 42.151257 
11694484045.420696 23.338168 328440.606008 4153089.986019 42.160599 
11694484045.613815 23.293658 328440.341388 4153090.653260 42.170294 
11694484045.818592 23.303528 328440.073131 4153091.327130 42.178803 
11694484046.221074 23.330586 328439.808917 4153091.977466 42.183981 
11694484046.419115 23.354642 328439.557478 4153092.595806 42.186741 
11694484046.619445 23.372996 328439.295113 4153093.239075 42.189050 
11694484046.817126 23.357336 328438.994926 4153093.973762 42.190932 
11694484047.019948 23.353342 328438.719268 4153094.650278 42.198524 
11694484047.419246 23.313158 328438.298365 4153095.688435 42.208359 
11694484047.608476 23.287468 328437.974091 4153096.489166 42.212989 
11694484047.813266 23.228705 328437.654752 4153097.279089 42.219657 
11694484048.018261 23.161487 328437.381179 4153097.958408 42.226201 
11694484048.420802 23.078145 328437.028498 4153098.845503 42.234588 
11694484048.619353 23.011449 328436.759770 4153099.523570 42.241152 
11694484048.820433 22.942582 328436.452373 4153100.303318 42.249208 
11694484049.019982 22.896477 328436.175447 4153100.999311 42.255786 
11694484049.212147 22.857604 328435.948871 4153101.567409 42.264411 
11694484049.609148 22.810626 328435.602851 4153102.436701 42.276874 
11694484049.821653 22.770836 328435.324410 4153103.139292 42.287223 
11694484050.022490 22.733225 328435.055459 4153103.823463 42.294185 
11694484050.220813 22.699727 328434.808464 4153104.458509 42.302841 
11694484050.618507 22.652306 328434.491829 4153105.273218 42.313130 
11694484050.817384 22.619515 328434.207887 4153106.005214 42.324333 
11694484051.020261 22.683565 328433.934434 4153106.703908 42.331438 
11694484051.218061 22.754104 328433.673990 4153107.364693 42.339810 
11694484051.619491 22.871069 328433.385122 4153108.095233 42.349018 
11694484051.817510 23.037428 328433.113647 4153108.777329 42.356445 
11694484052.020860 23.180044 328432.870260 4153109.386186 42.361958 
11694484052.411042 23.314448 328432.549615 4153110.179634 42.369940 
11694484052.618179 23.404141 328432.294252 4153110.808853 42.377948 
11694484052.817688 23.485408 328432.045472 4153111.419325 42.385159 
11694484053.020634 23.555469 328431.786763 4153112.050439 42.393121 
11694484053.220996 23.565819 328431.537855 4153112.649303 42.399197 
11694484053.618014 23.589059 328431.231487 4153113.384830 42.407427 
11694484053.818347 23.597835 328430.926967 4153114.116473 42.415680 
11694484054.020940 23.622557 328430.623963 4153114.853253 42.426381 
11694484054.221531 23.623361 328430.361933 4153115.493846 42.433462 
11694484054.618888 23.643507 328430.047418 4153116.263603 42.442712 
11694484054.818904 23.660435 328429.763708 4153116.956220 42.449650 
11694484055.020525 23.677185 328429.495530 4153117.609314 42.457753 
11694484055.205126 23.679962 328429.224902 4153118.270257 42.459930 
11694484055.420174 23.690118 328428.965499 4153118.902205 42.463427 
11694484055.818515 23.696217 328428.574608 4153119.854409 42.470430 
11694484056.020768 23.706359 328428.263606 4153120.610070 42.480625 
11694484056.225226 23.706540 328427.917984 4153121.448937 42.490924 
11694484056.609237 23.673938 328427.421232 4153122.656535 42.509893 
11694484056.816405 23.633281 328427.018346 4153123.635155 42.524125 
11694484057.020054 23.590319 328426.592142 4153124.671094 42.544582 
11694484057.224464 23.559500 328426.221524 4153125.568779 42.561099 
11694484057.619388 23.525932 328425.655385 4153126.939509 42.590846 
11694484057.818584 23.481885 328425.225035 4153127.983964 42.610363 
11694484058.019535 23.437013 328424.746397 4153129.150188 42.630839 
11694484058.222223 23.416133 328424.332296 4153130.174813 42.642859 
11694484058.619514 23.337786 328423.826923 4153131.428367 42.672664 
11694484058.812010 23.324431 328423.361885 4153132.573638 42.674851 
11694484059.019820 23.395930 328422.890571 4153133.746341 42.677822 
11694484059.420461 23.278818 328422.380461 4153134.980522 42.711332 
11694484059.624164 23.340585 328421.872733 4153136.225947 42.723086 
11694484059.818660 23.375446 328421.399858 4153137.384658 42.735858 
11694484060.018338 23.393790 328420.913504 4153138.574836 42.744038 
11694484060.419602 23.435101 328420.329521 4153140.009936 42.755151 
11694484060.617630 23.475112 328419.774328 4153141.372251 42.767700 
11694484060.816663 23.527909 328419.233653 4153142.695725 42.777678 
11694484061.220434 23.580950 328418.644199 4153144.134994 42.793482 
11694484061.422938 23.696881 328418.004743 4153145.694153 42.806531 
11694484061.619878 23.813260 328417.420549 4153147.106749 42.819796 
11694484062.017334 23.716644 328416.800062 4153148.601636 42.836029 
11694484062.210244 23.643815 328416.175591 4153150.118874 42.860526 
11694484062.418435 23.541867 328415.602530 4153151.518857 42.884038 
11694484062.827285 23.447252 328414.969414 4153153.072603 42.908645 
11694484063.018682 23.230065 328414.303407 4153154.710072 42.925558 
11694484063.220128 22.879935 328413.787164 4153155.995109 42.938028 
11694484063.419175 22.561315 328413.412833 4153156.944179 42.949779 
11694484063.818008 21.470137 328412.751478 4153158.670500 42.966736 
11694484064.017273 20.222370 328412.256762 4153160.040031 42.977056 
11694484064.218396 19.209538 328411.878139 4153161.159348 42.980734 
11694484064.621855 17.753338 328411.366403 4153162.775295 42.985805 
11694484064.808401 16.558112 328410.954274 4153164.195416 42.995385 
11694484065.018891 15.522368 328410.599752 4153165.518745 43.005446 
11694484065.420166 14.434773 328410.217627 4153167.062995 43.009168 
11694484065.619590 13.670350 328409.918681 4153168.381090 43.010408 
11694484065.812388 13.109284 328409.639940 4153169.683527 43.013378 
11694484066.012747 12.778963 328409.356052 4153171.067905 43.017228 
11694484066.419879 12.928943 328409.042253 4153172.623435 43.014046 
11694484066.617749 13.521248 328408.792597 4153173.832021 43.005446 
11694484066.819347 14.309831 328408.534084 4153175.004076 43.020940 
11694484067.019159 15.186468 328408.281204 4153176.050047 43.028388 
11694484067.420017 16.183567 328407.949697 4153177.349169 43.032676 
11694484067.618561 16.842408 328407.639215 4153178.473770 43.043614 
11694484067.816624 17.247898 328407.338712 4153179.524750 43.049712 
11694484068.021874 17.488204 328407.056494 4153180.505224 43.057699 
11694484068.419763 17.498758 328406.720794 4153181.664374 43.066127 
11694484068.619982 17.504053 328406.432093 4153182.669073 43.073206 
11694484068.819948 17.516813 328406.160042 4153183.605732 43.079443 
11694484069.015820 17.531950 328405.907130 4153184.479695 43.087869 
11694484069.419765 17.620958 328405.594951 4153185.545133 43.094234 
11694484070.218588 18.288029 328404.702053 4153188.487711 43.106633 
11694484070.617329 18.336240 328404.406372 4153189.418310 43.117299 
11694484070.819659 18.408964 328404.169393 4153190.170311 43.124383 
11694484071.019241 18.475720 328403.921172 4153190.963988 43.130845 
11694484071.218533 18.699391 328403.714473 4153191.628708 43.137800 
11694484071.620245 19.071891 328403.457431 4153192.444345 43.141909 
11694484071.819753 19.354213 328403.247294 4153193.095624 43.146160 
11694484072.020417 19.662328 328403.022423 4153193.771390 43.146018 
11694484072.419467 19.955916 328402.805592 4153194.425284 43.146732 
11694484072.617001 20.222243 328402.610194 4153195.004730 43.147970 
11694484072.821723 20.499318 328402.396609 4153195.629141 43.150451 
11694484073.021584 20.663185 328402.218679 4153196.132416 43.151763 
11694484073.420189 20.741676 328401.998712 4153196.745479 43.153931 
11694484073.619246 20.695663 328401.819067 4153197.243659 43.156386 
11694484073.821618 20.536594 328401.671057 4153197.659170 43.158092 
11694484074.217708 20.115173 328401.492371 4153198.189734 43.158417 
11694484074.420142 19.642691 328401.360808 4153198.599992 43.159094 
11694484074.814864 19.168728 328401.238174 4153198.996941 43.158345 
11694484075.015638 18.677804 328401.125628 4153199.361252 43.156884 
11694484075.222657 18.089174 328401.008379 4153199.731675 43.155033 
11694484075.606925 17.301343 328400.890884 4153200.117427 43.149621 
11694484075.814171 16.300635 328400.786451 4153200.476949 43.146242 
11694484076.017913 14.993928 328400.699470 4153200.804867 43.147850 
11694484076.218545 13.377372 328400.623060 4153201.119739 43.146958 
11694484076.622515 11.412626 328400.546593 4153201.483375 43.144880 
11694484076.819267 9.998130 328400.498270 4153201.753907 43.142870  
11694484077.018699 8.657370 328400.462106 4153201.998461 43.142354  
11694484077.421553 7.333521 328400.433546 4153202.227449 43.135483  
11694484077.621625 5.976188 328400.411880 4153202.447827 43.128651  
11694484077.819878 4.592414 328400.396610 4153202.652562 43.122977  
11694484078.017902 3.109136 328400.385007 4153202.858757 43.123060  
11694484078.212791 1.686749 328400.379771 4153203.046957 43.119808  
11694484078.611739 -0.417882 328400.378789 4153203.313748 43.114278 
11694484078.819458 -2.363081 328400.386894 4153203.541322 43.111110 
11694484079.017984 -4.026632 328400.398679 4153203.731824 43.111190 
11694484079.419360 -7.072432 328400.441222 4153204.068117 43.107789 
11694484079.618717 -9.491465 328400.488616 4153204.337382 43.108068 
11694484079.823944 -11.918629 328400.548274 4153204.616041 43.108752
11694484080.214700 -14.732107 328400.625606 4153204.936009 43.104503
11694484080.420265 -17.381745 328400.705758 4153205.227690 43.103696
11694484080.619755 -19.767207 328400.792173 4153205.491302 43.104388
11694484081.008315 -22.522807 328400.907742 4153205.795318 43.104150
11694484081.216781 -24.949287 328401.021133 4153206.052589 43.096782
11694484081.407340 -27.601229 328401.156583 4153206.327797 43.092588
11694484081.619380 -29.688288 328401.285282 4153206.549389 43.096180
11694484082.019362 -32.454201 328401.461774 4153206.835657 43.093619
11694484082.217955 -34.732797 328401.631596 4153207.085454 43.091921
11694484082.416285 -36.815544 328401.803501 4153207.304226 43.092172
11694484082.610060 -38.649026 328401.976455 4153207.516533 43.087270
11694484083.012770 -40.683731 328402.199250 4153207.778760 43.082026
11694484083.220281 -42.434676 328402.405078 4153208.005706 43.075565
11694484083.418435 -44.301052 328402.623473 4153208.230892 43.067162
11694484083.620472 -46.150431 328402.853711 4153208.452262 43.060944
11694484083.819498 -47.593226 328403.042524 4153208.624285 43.056588
11694484084.221978 -49.733506 328403.335741 4153208.878799 43.062571
11694484084.420559 -51.150707 328403.609105 4153209.092876 43.058685
11694484084.619131 -52.296479 328403.863388 4153209.278029 43.057942
11694484084.818400 -53.327567 328404.081433 4153209.439483 43.054577
11694484085.216908 -54.320198 328404.365476 4153209.639890 43.053035
11694484085.413967 -55.161477 328404.624064 4153209.814451 43.050928
11694484085.620508 -56.033360 328404.887742 4153209.986643 43.048962
11694484085.819763 -56.875193 328405.144781 4153210.151066 43.047577
11694484086.019537 -57.658458 328405.383609 4153210.299732 43.044484
11694484086.217498 -58.421578 328405.610770 4153210.435527 43.043115
11694484086.619800 -59.577875 328405.961388 4153210.639347 43.037690
11694484086.819394 -60.474492 328406.237066 4153210.791253 43.036763
11694484087.009005 -61.344274 328406.523685 4153210.945826 43.033833
11694484087.217375 -62.062773 328406.828482 4153211.101892 43.033202
11694484087.422594 -62.513591 328407.086103 4153211.230323 43.031570
11694484087.617568 -62.571496 328407.125056 4153211.249511 43.031260
11694484088.009834 -63.455883 328407.749516 4153211.552077 43.025536
11694484088.221144 -64.000369 328408.128877 4153211.730216 43.015638
11694484088.421718 -64.568971 328408.545649 4153211.920161 43.007144
11694484088.620865 -65.040808 328408.944874 4153212.097295 43.001812
11694484089.020882 -65.591001 328409.482623 4153212.331749 42.994644
11694484089.218146 -65.997853 328409.951209 4153212.531574 42.990517
11694484089.420576 -66.252213 328410.420566 4153212.727007 42.982622
11694484089.618561 -66.494119 328410.931895 4153212.937584 42.974658
11694484089.816615 -66.705803 328411.439655 4153213.145075 42.969383
11694484090.019339 -66.876468 328411.861959 4153213.316765 42.965152
11694484090.422210 -67.105570 328412.446148 4153213.544708 42.961146
11694484090.618812 -67.285022 328412.922032 4153213.726283 42.959079
11694484090.819467 -67.483118 328413.398871 4153213.907260 42.955405
11694484091.018280 -67.651410 328413.863471 4153214.087502 42.949337
11694484091.220437 -67.849930 328414.337208 4153214.271313 42.941057
11694484091.421894 -68.034749 328414.823969 4153214.460536 42.935416
11694484091.622589 -68.158473 328415.299871 4153214.642625 42.930088
11694484091.819298 -68.236217 328415.757925 4153214.815652 42.925404
11694484092.220297 -68.273723 328416.379934 4153215.049261 42.917535
11694484092.420175 -68.297025 328416.884822 4153215.236827 42.908624
11694484092.620520 -68.310830 328417.385122 4153215.424280 42.900474
11694484092.819812 -68.290552 328417.881384 4153215.608865 42.893729
11694484093.018447 -68.294989 328418.373590 4153215.791745 42.886531
11694484093.221924 -68.277937 328418.883387 4153215.980075 42.878194
11694484093.422217 -68.272653 328419.388451 4153216.167461 42.870068
11694484093.622418 -68.274593 328419.823790 4153216.328329 42.863607
11694484093.819118 -68.253427 328420.256302 4153216.488351 42.855623
11694484094.020451 -68.242993 328420.642753 4153216.633002 42.849953
11694484094.421304 -68.206119 328421.239528 4153216.857573 42.841146
11694484094.620202 -68.037131 328421.704064 4153217.034212 42.835267
11694484094.820112 -67.713890 328422.185761 4153217.218471 42.830049
11694484095.015095 -67.434397 328422.622259 4153217.388171 42.822867
11694484095.216384 -67.165753 328423.055174 4153217.556488 42.814299
11694484095.420432 -66.931552 328423.486776 4153217.726535 42.803826
11694484095.618892 -66.781951 328423.897078 4153217.889273 42.795762
11694484095.820457 -66.673903 328424.309683 4153218.055659 42.784646
11694484096.020136 -66.656873 328424.722462 4153218.222187 42.776580
11694484096.221251 -66.622910 328425.193631 4153218.416129 42.766651
11694484096.417750 -66.636361 328425.571500 4153218.572395 42.754134
